39 3 0 1 0 1
0.200000 1.000000 0.200000 100
1 0 0 0
2 12 0 0
3 12 12 12
4 0 12 12
5 0 12 0
6 12 12 0
7 0 0 12
8 12 0 12
9 2.534367 4.079342 6.399825
10 4.637890 6.584507 8.710266
11 9.379974 3.437524 2.726324
12 5.781188 5.931705 2.138291
13 9.652903 1.652277 2.307945
14 6.054194 9.258430 0.773946
15 9.770621 6.330490 2.820716
16 1.515704 7.189785 8.826555
17 3.256385 2.453550 6.831930
18 2.426800 1.686993 3.041868
19 8.334683 6.725341 5.782442
20 6.480641 7.222072 4.040667
21 6.003093 4.357839 10.911488
22 3.102090 2.027527 2.848830
23 4.055677 9.822022 3.414582
24 0.879043 10.091983 6.556452
25 2.973241 5.863316 3.059211
26 4.815900 7.628294 4.202211
27 10.638093 6.914371 0.935982
28 10.496300 3.449444 2.668578
29 4.619542 2.854597 9.860983
30 3.140673 9.512056 2.613853
31 3.550395 5.919434 9.990191
32 7.966500 4.276372 2.621150
33 4.481427 9.946168 4.183440
34 4.937967 2.565236 4.225276
35 4.124067 3.081283 6.510836
36 1.953563 5.615726 2.589280
37 7.268919 5.366585 1.683331
38 1 1 1
39 11 11 11
8
1 2 3 4 5 6 7 8
34 6
4.808210 4.808210 3.522723 0.432453 9
3.812050 3.812050 5.133108 1.272365 10
3.803420 3.803420 1.700490 2.186984 11
3.680610 3.680610 5.401306 0.699504 12
3.565760 3.565760 5.813829 0.241385 13
3.367390 3.367390 1.639625 1.827462 14
3.187050 3.187050 6.265901 1.530930 15
3.070750 3.070750 0.948731 1.132739 16
3.021140 3.021140 4.044074 0.920620 17
2.880220 2.880220 1.753700 2.846054 19
2.880100 2.880100 3.061453 1.070111 20
2.808370 2.808370 5.157901 1.316761 21
3.150370 3.150370 2.355020 0.974751 22
2.586630 2.586630 3.997462 1.103379 23
2.438660 2.438660 4.919508 0.369468 24
2.261470 2.261470 2.119037 0.109764 25
2.208360 2.208360 4.121470 2.089045 26
2.202270 2.202270 1.774878 1.773981 27
2.193430 2.193430 4.611725 0.691376 28
2.191230 2.191230 1.453632 2.560576 29
2.114510 2.114510 2.623035 1.285268 30
2.085950 2.085950 5.324662 1.342652 31
2.045910 2.045910 4.215680 0.491354 32
2.037540 2.037540 0.998703 0.726567 33
2.015880 2.015880 1.222437 0.233971 34
2.003520 2.003520 1.469799 2.263000 35
2.673340 2.673340 5.483909 0.691534 36
2.859180 2.859180 6.190328 1.191837 37
inf inf 1.570796 1.570796 38
inf inf 1.570796 0.000000 38
inf inf 0.000000 1.570796 38
inf inf 1.570796 1.570796 39
inf inf 1.570796 0.000000 39
inf inf 0.000000 1.570796 39
