INCON
APB60           0.00000000E+00 0.00000000E+00 0.00000000E+00 0.00000000E+00
 2.4620000000000E+07 1.9000000000000E+02
APB74           0.00000000E+00 0.00000000E+00 0.00000000E+00 0.00000000E+00
 2.4620000000000E+07 1.9000000000000E+02
APB93           0.00000000E+00 0.00000000E+00 0.00000000E+00 0.00000000E+00
 2.4620000000000E+07 1.9000000000000E+02
APC14           0.00000000E+00 0.00000000E+00 0.00000000E+00 0.00000000E+00
 2.4620000000000E+07 1.9000000000000E+02
APC36           0.00000000E+00 0.00000000E+00 0.00000000E+00 0.00000000E+00
 2.4620000000000E+07 1.9000000000000E+02
APC55           0.00000000E+00 0.00000000E+00 0.00000000E+00 0.00000000E+00
 2.4620000000000E+07 1.9000000000000E+02
APC74           0.00000000E+00 0.00000000E+00 0.00000000E+00 0.00000000E+00
 2.4620000000000E+07 1.9000000000000E+02
APC90           0.00000000E+00 0.00000000E+00 0.00000000E+00 0.00000000E+00
 2.4620000000000E+07 1.9000000000000E+02
APD 8           0.00000000E+00 0.00000000E+00 0.00000000E+00 0.00000000E+00
 2.4620000000000E+07 1.9000000000000E+02
APD28           0.00000000E+00 0.00000000E+00 0.00000000E+00 0.00000000E+00
 2.4620000000000E+07 1.9000000000000E+02
APD45           0.00000000E+00 0.00000000E+00 0.00000000E+00 0.00000000E+00
 2.4620000000000E+07 1.9000000000000E+02
APD63           0.00000000E+00 0.00000000E+00 0.00000000E+00 0.00000000E+00
 2.4620000000000E+07 1.9000000000000E+02
APD79           0.00000000E+00 0.00000000E+00 0.00000000E+00 0.00000000E+00
 2.4620000000000E+07 1.9000000000000E+02
APD98           0.00000000E+00 0.00000000E+00 0.00000000E+00 0.00000000E+00
 2.4620000000000E+07 1.9000000000000E+02
APE20           0.00000000E+00 0.00000000E+00 0.00000000E+00 0.00000000E+00
 2.4620000000000E+07 1.9000000000000E+02
APE35           0.00000000E+00 0.00000000E+00 0.00000000E+00 0.00000000E+00
 2.4620000000000E+07 1.9000000000000E+02
APE54           0.00000000E+00 0.00000000E+00 0.00000000E+00 0.00000000E+00
 2.4620000000000E+07 1.9000000000000E+02
APE74           0.00000000E+00 0.00000000E+00 0.00000000E+00 0.00000000E+00
 2.4620000000000E+07 1.9000000000000E+02
APE92           0.00000000E+00 0.00000000E+00 0.00000000E+00 0.00000000E+00
 2.4620000000000E+07 1.9000000000000E+02
APF12           0.00000000E+00 0.00000000E+00 0.00000000E+00 0.00000000E+00
 2.4620000000000E+07 1.9000000000000E+02
APF30           0.00000000E+00 0.00000000E+00 0.00000000E+00 0.00000000E+00
 2.4620000000000E+07 1.9000000000000E+02
APF49           0.00000000E+00 0.00000000E+00 0.00000000E+00 0.00000000E+00
 2.4620000000000E+07 1.9000000000000E+02
APF67           0.00000000E+00 0.00000000E+00 0.00000000E+00 0.00000000E+00
 2.4620000000000E+07 1.9000000000000E+02
APF86           0.00000000E+00 0.00000000E+00 0.00000000E+00 0.00000000E+00
 2.4620000000000E+07 1.9000000000000E+02
APG 2           0.00000000E+00 0.00000000E+00 0.00000000E+00 0.00000000E+00
 2.4620000000000E+07 1.9000000000000E+02
APG20           0.00000000E+00 0.00000000E+00 0.00000000E+00 0.00000000E+00
 2.4620000000000E+07 1.9000000000000E+02
APG38           0.00000000E+00 0.00000000E+00 0.00000000E+00 0.00000000E+00
 2.4620000000000E+07 1.9000000000000E+02
      
