13 3 0 1 0 1
0.20000 0.5 0.100000 100
1 0 0 0
2 12 0 0
3 12 12 12
4 0 12 12
5 0 12 0
6 12 12 0
7 0 0 12
8 12 0 12
9 5.693280 4.671287 5.807701
10 8.919263 4.821528 5.417515
11 2.583234 4.086118 6.558297
12 1.0 1.0 1.0
13 11.0 11.0 11.0
8
1 2 3 4 5 6 7 8
9 25
4.969300 4.969300 2.039439 0.766381 9
4.625760 4.625760 3.252788 1.051240 10
3.624640 3.624640 4.904324 0.897751 11
inf inf 1.570796327 1.570796327 12
inf inf 1.570796327 0.000000000 12
inf inf 0.000000000 1.570796327 12
inf inf 1.570796327 1.570796327 13
inf inf 1.570796327 0.000000000 13
inf inf 0.000000000 1.570796327 13
